0.000000 0.000000 0.000000 0.000000 0.000000 -0.000000 0.500000 
-0.267932 -0.021274 0.000000 0.000000 0.000000 -0.725073 0.688672 
-0.269029 -0.024153 0.000000 0.000000 0.000000 -0.713496 0.700660 
-0.274058 -0.248150 0.000000 0.000000 0.000000 -0.738284 0.674490 
-0.276694 -0.502389 0.000000 0.000000 0.000000 -0.731629 0.681703 
-0.286250 -0.738511 0.000000 0.000000 0.000000 -0.726695 0.686961 
-0.247166 -1.006258 0.000000 0.000000 0.000000 -0.011484 0.999934 
-0.021284 -0.993544 0.000000 0.000000 0.000000 0.670035 0.742330 
-0.012932 -0.748625 0.000000 -0.000000 -0.000000 0.688943 0.724815 
-0.012328 -0.503780 0.000000 -0.000000 -0.000000 0.708692 0.705518 
-0.018227 -0.213987 0.000000 -0.000000 -0.000000 0.700190 0.713957 
-0.022470 0.032685 0.000000 0.000000 0.000000 0.999144 0.041360 
