0.000000 0.000000 0.000000 0.000000 0.000000 -0.000000 0.500000 
-0.002274 -1.021600 0.000000 0.000000 0.000000 -0.003472 0.999994 
-0.003975 -1.019825 0.000000 0.000000 0.000000 -0.005906 0.999983 
0.260833 -1.034801 0.000000 0.000000 0.000000 -0.017690 0.999844 
0.523512 -0.998642 0.000000 0.000000 0.000000 0.711193 0.702996 
0.489913 -0.751599 0.000000 0.000000 0.000000 0.999951 0.009947 
0.279605 -0.727347 0.000000 0.000000 0.000000 0.719110 0.694897 
0.247640 -0.512220 0.000000 0.000000 0.000000 0.689997 0.723812 
0.281099 -0.298837 0.000000 0.000000 0.000000 0.117876 0.993028 
0.512179 -0.216618 0.000000 0.000000 0.000000 0.688093 0.725623 
0.502163 0.009704 0.000000 0.000000 0.000000 0.999209 0.039762 
0.228685 0.012272 0.000000 0.000000 0.000000 0.999866 -0.016365 
-0.019490 0.002984 0.000000 0.000000 0.000000 0.999430 0.033756 
-0.271431 -0.041140 0.000000 0.000000 0.000000 -0.709231 0.704976 
-0.280788 -0.484656 0.000000 0.000000 0.000000 -0.721074 0.692858 
-0.274944 -0.761497 0.000000 0.000000 0.000000 -0.719864 0.694115 
