-nan 0.000000 0.000000 -0.000000 0.000000 0.000000 0.500000 
0.744876 -1.021161 0.000000 0.000000 0.000000 -0.017194 0.999852 
1.011470 -1.032900 0.000000 0.000000 0.000000 -0.013184 0.999913 
1.233789 -0.966116 0.000000 0.000000 0.000000 0.696739 0.717325 
1.240867 -0.801718 0.000000 0.000000 0.000000 0.951429 0.307867 
1.068215 -0.713746 0.000000 0.000000 0.000000 0.919595 0.392867 
1.020715 -0.490726 0.000000 0.000000 0.000000 0.706222 0.707990 
1.052332 -0.302346 0.000000 0.000000 0.000000 0.311483 0.950252 
1.295024 -0.269942 0.000000 0.000000 0.000000 0.671999 0.740552 
1.230966 -0.014316 0.000000 0.000000 0.000000 0.953248 0.302189 
0.993469 0.027547 0.000000 0.000000 0.000000 0.999837 -0.018051 
0.734843 0.013199 0.000000 0.000000 0.000000 0.999774 0.021253 
0.470455 -0.019850 0.000000 0.000000 0.000000 -0.700937 0.713223 
0.504514 -0.250144 0.000000 0.000000 0.000000 -0.065527 0.997851 
0.721225 -0.308136 0.000000 0.000000 0.000000 -0.568382 0.822764 
0.759728 -0.521971 0.000000 0.000000 0.000000 -0.732570 0.680692 
0.719333 -0.724636 0.000000 0.000000 0.000000 0.938844 -0.344343 
0.500159 -0.793321 0.000000 0.000000 0.000000 -0.686728 0.726915 
